[{"id": 0, "img_name": "cam1/pass1_0000.png", "width": 1028, "height": 688, "position": [134.93920752125223, 23.671505670177556, -0.3441158097908075], "rotation": [[-0.16195315550979247, 0.3800707616321799, -0.9106686508125529], [0.9824457624454848, 0.1486848420877582, -0.11266384329609959], [0.09258239181037894, -0.9129288219164035, -0.39747888854755054]], "fy": 476.93483005066446, "fx": 478.53902312262517}, {"id": 1, "img_name": "cam1/pass1_0001.png", "width": 1028, "height": 688, "position": [134.95820341743467, 23.57410861997609, -0.33718955487988017], "rotation": [[-0.19043880651197612, 0.3574788207905892, -0.9142986129599368], [0.9747228246066726, 0.17968825054977272, -0.1327687757161009], [0.11682669286205302, -0.9164720537477028, -0.38266238191698937]], "fy": 476.93483005066446, "fx": 478.53902312262517}, {"id": 2, "img_name": "cam1/pass1_0002.png", "width": 1028, "height": 688, "position": [134.9308162197222, 23.581761368462264, -0.3406594720054893], "rotation": [[-0.20996541403982014, 0.363629797558477, -0.9075725289114188], [0.9717679385743698, 0.1797913501075184, -0.1527813600719523], [0.10761783525980594, -0.9140286870520512, -0.39111374404372007]], "fy": 476.93483005066446, "fx": 478.53902312262517}, {"id": 3, "img_name": "cam1/pass1_0003.png", "width": 1028, "height": 688, "position": [134.90816360088544, 23.60737908937979, -0.32352392125067275], "rotation": [[-0.15658511797242602, 0.3404050500465303, -0.9271491264798667], [0.9870740784858428, 0.08638882293229973, -0.1349879063238457], [0.034144756711460125, -0.9363019668756389, -0.349532205116959]], "fy": 476.93483005066446, "fx": 478.53902312262517}, {"id": 4, "img_name": "cam1/pass1_0004.png", "width": 1028, "height": 688, "position": [134.74279284654025, 23.709102012615304, -0.35152491546334563], "rotation": [[-0.13575182672773795, 0.399680039207719, -0.9065469142846384], [0.9902498711533874, 0.08359952997754085, -0.11142850294352398], [0.03125114751146119, -0.9128345878889842, -0.40713189623605633]], "fy": 476.93483005066446, "fx": 478.53902312262517}, {"id": 5, "img_name": "cam1/pass1_0005.png", "width": 1028, "height": 688, "position": [134.48985271767978, 23.777895556975217, -0.39078079450840447], "rotation": [[-0.11216207441827133, 0.4453248548886862, -0.8883160713848204], [0.9930059848548461, 0.08339315053609665, -0.08357449662499564], [0.03686167528270741, -0.8914770642377934, -0.45156379486548515]], "fy": 476.93483005066446, "fx": 478.53902312262517}, {"id": 6, "img_name": "cam1/pass1_0006.png", "width": 1028, "height": 688, "position": [134.03594009443535, 23.668477736191278, -0.48189194723335155], "rotation": [[0.13019627650494783, 0.59089505305346, -0.7961733265195435], [0.9910077355940182, -0.05255822144749916, 0.12304999533153858], [0.030864179513851217, -0.8050345766706074, -0.5924244532324037]], "fy": 476.93483005066446, "fx": 478.53902312262517}, {"id": 7, "img_name": "cam1/pass1_0007.png", "width": 1028, "height": 688, "position": [133.76235609989564, 23.553006255332807, -0.4812497123567744], "rotation": [[0.22710358975219422, 0.6101046595273772, -0.7590759276545724], [0.9618015976311758, -0.01818091337462336, 0.27314307822637895], [0.15284517105811493, -0.7921122135227101, -0.5909285869480068]], "fy": 476.93483005066446, "fx": 478.53902312262517}, {"id": 8, "img_name": "cam1/pass1_0008.png", "width": 1028, "height": 688, "position": [133.79413673996086, 23.20602140387363, -0.42018237216415516], "rotation": [[-0.1381977967642921, 0.46082656277412004, -0.8766642732604573], [0.9788492999360359, 0.19837075652328304, -0.050030900162932095], [0.15084898734903193, -0.8650363703325835, -0.47849415985736066]], "fy": 476.93483005066446, "fx": 478.53902312262517}, {"id": 9, "img_name": "cam1/pass1_0009.png", "width": 1028, "height": 688, "position": [133.64737826569947, 23.32080606098378, -0.323444822004329], "rotation": [[-0.3684973218736842, 0.38173417864401016, -0.8476371515140807], [0.9272137200638128, 0.21660501969241777, -0.3055437493542827], [0.0669659696961637, -0.8985328498719622, -0.43376753751706904]], "fy": 476.93483005066446, "fx": 478.53902312262517}, {"id": 10, "img_name": "cam1/pass1_0010.png", "width": 1028, "height": 688, "position": [133.04103058822673, 23.570445759995124, -0.40016848668574173], "rotation": [[-0.3854335757268467, 0.40443816020274864, -0.8293797280342902], [0.9225579246616944, 0.15126727070332682, -0.35497195446665064], [-0.018106196351651484, -0.9019689503446238, -0.4314211147682659]], "fy": 476.93483005066446, "fx": 478.53902312262517}, {"id": 11, "img_name": "cam1/pass1_0011.png", "width": 1028, "height": 688, "position": [132.16507437964643, 23.37235486584321, -0.31209614073351455], "rotation": [[-0.4135265363950199, 0.41926286224282, -0.8082168372665198], [0.9102183412408046, 0.2121279635730948, -0.35567442744618266], [0.022324313337171414, -0.8827346030457228, -0.4693412890634424]], "fy": 476.93483005066446, "fx": 478.53902312262517}, {"id": 12, "img_name": "cam1/pass1_0012.png", "width": 1028, "height": 688, "position": [131.1462073067124, 23.126590219249533, -0.25376298268032077], "rotation": [[-0.33734238650282505, 0.38115810117205795, -0.8607662959128274], [0.940675722831111, 0.17189793852232682, -0.29254107952207453], [0.036459549431456004, -0.9083884635125465, -0.4165346331489968]], "fy": 476.93483005066446, "fx": 478.53902312262517}, {"id": 13, "img_name": "cam1/pass1_0013.png", "width": 1028, "height": 688, "position": [130.00450895785187, 22.9179364021133, -0.20133080923169575], "rotation": [[-0.18540116420591668, 0.3734067057439481, -0.9089520561704804], [0.9805709294923337, 0.13062648582235886, -0.1463467575187172], [0.06408635225718488, -0.9184248218047866, -0.39037006307760674]], "fy": 476.93483005066446, "fx": 478.53902312262517}, {"id": 14, "img_name": "cam1/pass1_0014.png", "width": 1028, "height": 688, "position": [128.673578070889, 22.650457262583302, -0.15690913925641986], "rotation": [[0.07351526917035042, 0.44084779043888817, -0.8945662249738486], [0.9938386697497292, 0.04222039749527087, 0.10247993240352536], [0.08294699336866093, -0.8965883468462506, -0.43502773772554815]], "fy": 476.93483005066446, "fx": 478.53902312262517}, {"id": 15, "img_name": "cam1/pass1_0015.png", "width": 1028, "height": 688, "position": [127.17213717983596, 22.047510184337586, -0.09495695593033165], "rotation": [[-0.1702070893585797, 0.39950776677063604, -0.9007902591735873], [0.9833824733048158, 0.12745008838732477, -0.129287996994949], [0.0631542392004138, -0.9078270866525197, -0.41456184437429155]], "fy": 476.93483005066446, "fx": 478.53902312262517}, {"id": 16, "img_name": "cam1/pass1_0016.png", "width": 1028, "height": 688, "position": [125.67832926570404, 21.59638282330982, -0.02041305957193595], "rotation": [[-0.30359741695265025, 0.3631302442434797, -0.880888775121666], [0.9501012573861218, 0.1849195544141727, -0.2512217329543251], [0.07166735053697061, -0.9132038020677172, -0.4011516007148375]], "fy": 476.93483005066446, "fx": 478.53902312262517}, {"id": 17, "img_name": "cam1/pass1_0017.png", "width": 1028, "height": 688, "position": [124.0667889762458, 21.152917394758365, 0.02109187224699722], "rotation": [[-0.24157595861602818, 0.39118857745988783, -0.8880385988703732], [0.9681874332718262, 0.15867692396093733, -0.19348056196116306], [0.06522384742760437, -0.9065280639159516, -0.4170763947522517]], "fy": 476.93483005066446, "fx": 478.53902312262517}, {"id": 18, "img_name": "cam1/pass1_0018.png", "width": 1028, "height": 688, "position": [122.3675405602321, 20.737132756991926, 0.04746399033978259], "rotation": [[-0.320158386401513, 0.38341051259138526, -0.8663111372083302], [0.9463968054040651, 0.17075104963026344, -0.27418454692258554], [0.042798298304484284, -0.9076565748588914, -0.4175258648008117]], "fy": 476.93483005066446, "fx": 478.53902312262517}, {"id": 19, "img_name": "cam1/pass1_0019.png", "width": 1028, "height": 688, "position": [120.72673281494235, 20.433859649349348, 0.12356091158077474], "rotation": [[0.18845381018525262, 0.3513403575219778, -0.9170851185157187], [0.9772762577695161, 0.025179023359435487, 0.21046884040796976], [0.09703750525787024, -0.9359091675793085, -0.3386115069136533]], "fy": 476.93483005066446, "fx": 478.53902312262517}, {"id": 20, "img_name": "cam1/pass1_0020.png", "width": 1028, "height": 688, "position": [119.17848184325268, 19.777164200137296, 0.12939279513126828], "rotation": [[-0.28515254482589436, 0.32039382613291456, -0.9033470110401803], [0.9572123223095391, 0.14369000255074643, -0.25119266148863656], [0.04932135640971839, -0.9363231169542265, -0.34765848825971046]], "fy": 476.93483005066446, "fx": 478.53902312262517}, {"id": 21, "img_name": "cam1/pass1_0021.png", "width": 1028, "height": 688, "position": [117.87794321702232, 19.3969597244956, 0.10130342539049472], "rotation": [[-0.35282163513963943, 0.333665849131197, -0.8741761806986893], [0.9354732007944517, 0.14592443946301653, -0.32186324512560777], [0.02016889617141817, -0.9313287062530401, -0.3636207592207361]], "fy": 476.93483005066446, "fx": 478.53902312262517}, {"id": 22, "img_name": "cam1/pass1_0022.png", "width": 1028, "height": 688, "position": [116.86641728492815, 18.973442501633677, 0.09018538772641499], "rotation": [[-0.4212094231916565, 0.31963841300058743, -0.8487719992724885], [0.9067053686569901, 0.17072532842782884, -0.38566596515871243], [0.021633221284469602, -0.9320322672352472, -0.36172898220792454]], "fy": 476.93483005066446, "fx": 478.53902312262517}, {"id": 23, "img_name": "cam1/pass1_0023.png", "width": 1028, "height": 688, "position": [116.00699630590543, 18.603331679931706, 0.06552812108279926], "rotation": [[-0.46805789723749847, 0.3194567266017915, -0.8239351944555343], [0.8835605864331535, 0.18560661449136145, -0.4299661321068868], [0.015572248890673783, -0.9292457072733364, -0.36913401438849225]], "fy": 476.93483005066446, "fx": 478.53902312262517}, {"id": 24, "img_name": "cam1/pass1_0024.png", "width": 1028, "height": 688, "position": [115.1377940806418, 18.247144125166162, 0.030808277285854512], "rotation": [[-0.44864039970200625, 0.3454597849187061, -0.8242447019903407], [0.8932411061003565, 0.2032747007019707, -0.4009984070132149], [0.029019271662742707, -0.9161533349054871, -0.39977612336621443]], "fy": 476.93483005066446, "fx": 478.53902312262517}, {"id": 25, "img_name": "cam1/pass1_0025.png", "width": 1028, "height": 688, "position": [114.2788557217859, 17.907532814471082, 0.019006394244164334], "rotation": [[-0.454493336047493, 0.34287818860350533, -0.8221133469713289], [0.8907411605572565, 0.17909083018754993, -0.4177399423467268], [0.003999047078182517, -0.9221502167883028, -0.3868113045139111]], "fy": 476.93483005066446, "fx": 478.53902312262517}, {"id": 26, "img_name": "cam1/pass1_0026.png", "width": 1028, "height": 688, "position": [113.45721949609589, 17.595688028036815, -0.00018245660911319806], "rotation": [[-0.44881544819900004, 0.33774193466316443, -0.8273421777160359], [0.8935823289120035, 0.17861123122267877, -0.41183570697223226], [0.008678416568139512, -0.9241365773797189, -0.381963704342138]], "fy": 476.93483005066446, "fx": 478.53902312262517}, {"id": 27, "img_name": "cam1/pass1_0027.png", "width": 1028, "height": 688, "position": [112.64865388334356, 17.27204844840877, -0.04504712430125146], "rotation": [[-0.43468813559077224, 0.34932853557192384, -0.8300697555096153], [0.900446581127172, 0.18451417344374366, -0.39389144993863306], [0.01556211145714233, -0.9186534134446716, -0.3947578075902333]], "fy": 476.93483005066446, "fx": 478.53902312262517}, {"id": 28, "img_name": "cam1/pass1_0028.png", "width": 1028, "height": 688, "position": [111.94814058029635, 16.942640333613216, -0.0582867959036555], "rotation": [[-0.46707801850402525, 0.33270786023499593, -0.8192335469011279], [0.884209086980688, 0.17944013373077988, -0.43124880163016927], [0.0035235111933992606, -0.9258005822770526, -0.37799585543275355]], "fy": 476.93483005066446, "fx": 478.53902312262517}, {"id": 29, "img_name": "cam1/pass1_0029.png", "width": 1028, "height": 688, "position": [111.29322228782968, 16.668759568024342, -0.09301166489934798], "rotation": [[-0.4720138840639349, 0.358463460754421, -0.8054233921080536], [0.8815764374746864, 0.19719397715510747, -0.4288793772882906], [0.005087056154583455, -0.9124793053421626, -0.40909123576772727]], "fy": 476.93483005066446, "fx": 478.53902312262517}, {"id": 30, "img_name": "cam1/pass1_0030.png", "width": 1028, "height": 688, "position": [110.69796607520885, 16.42475949936804, -0.11209028254401036], "rotation": [[-0.44344807519692797, 0.35641532013106314, -0.8223879401961156], [0.8962147308132602, 0.16366036183076899, -0.4123280759768082], [-0.012367735340542809, -0.9198822780885023, -0.39199953262886944]], "fy": 476.93483005066446, "fx": 478.53902312262517}, {"id": 31, "img_name": "cam1/pass1_0031.png", "width": 1028, "height": 688, "position": [110.03726083666331, 16.16290724551891, -0.11436388413850283], "rotation": [[-0.4306672785356813, 0.3508651670193367, -0.8315162835273661], [0.9024866667922041, 0.1606902451236198, -0.39962039660709037], [-0.006596321775586517, -0.9225357877581792, -0.3858551656313919]], "fy": 476.93483005066446, "fx": 478.53902312262517}, {"id": 32, "img_name": "cam1/pass1_0032.png", "width": 1028, "height": 688, "position": [109.45916887527487, 15.906343094829912, -0.12046973807080617], "rotation": [[-0.41463481357899795, 0.35021562520750876, -0.839897009893966], [0.9096648039439054, 0.13492559202185944, -0.39281678818916077], [-0.024246975770339144, -0.9269002645797795, -0.37452367573750067]], "fy": 476.93483005066446, "fx": 478.53902312262517}, {"id": 33, "img_name": "cam1/pass1_0033.png", "width": 1028, "height": 688, "position": [109.02768947278138, 15.670525188620982, -0.11844506547684748], "rotation": [[-0.46331367171146265, 0.33602851091546576, -0.8200154153777706], [0.886192990781551, 0.1740538088345236, -0.42938008188532095], [-0.0015571431831602632, -0.925629575738659, -0.37842762032253585]], "fy": 476.93483005066446, "fx": 478.53902312262517}, {"id": 34, "img_name": "cam1/pass1_0034.png", "width": 1028, "height": 688, "position": [108.54557838798003, 15.467091029117585, -0.11130840337536616], "rotation": [[-0.46851398493391333, 0.3251157748894806, -0.821458689673046], [0.8830720831412154, 0.14492833162619206, -0.44629527744385006], [-0.02604499756152066, -0.9345028151964343, -0.355001614773735]], "fy": 476.93483005066446, "fx": 478.53902312262517}, {"id": 35, "img_name": "cam1/pass1_0035.png", "width": 1028, "height": 688, "position": [107.93977789087303, 15.204926774367928, -0.1453216040288491], "rotation": [[-0.40471412639190885, 0.36200059320371786, -0.8397392728811667], [0.9144200866448503, 0.1536725186804724, -0.3744604947692403], [-0.0065100721392651805, -0.919423910675895, -0.3932140529510427]], "fy": 476.93483005066446, "fx": 478.53902312262517}, {"id": 36, "img_name": "cam1/pass1_0036.png", "width": 1028, "height": 688, "position": [107.41821993522963, 14.963424969174651, -0.14026449657289392], "rotation": [[-0.4311217890533947, 0.33312610132027065, -0.8385469597002647], [0.9018163624152838, 0.128858493056415, -0.4124593764812427], [-0.029347086456171453, -0.9340355932117292, -0.35597227297943823]], "fy": 476.93483005066446, "fx": 478.53902312262517}, {"id": 37, "img_name": "cam1/pass1_0037.png", "width": 1028, "height": 688, "position": [106.88731254909862, 14.694303255717832, -0.1332380171449102], "rotation": [[-0.5155419403419872, 0.3075888827687958, -0.799753453850287], [0.8568268933047923, 0.1763296600508479, -0.4845157643421014], [-0.008011407995943383, -0.9350384645475268, -0.35445576192033657]], "fy": 476.93483005066446, "fx": 478.53902312262517}, {"id": 38, "img_name": "cam1/pass1_0038.png", "width": 1028, "height": 688, "position": [106.2613318434943, 14.50768331065009, -0.1527537873487945], "rotation": [[-0.41788736299240686, 0.3288605617144296, -0.8468889436048405], [0.9084985792104193, 0.1505543979450534, -0.38982522344257364], [-0.0006952869210284753, -0.932300436666353, -0.3616841334200678]], "fy": 476.93483005066446, "fx": 478.53902312262517}, {"id": 39, "img_name": "cam1/pass1_0039.png", "width": 1028, "height": 688, "position": [105.64706062690671, 14.311837216746227, -0.16535859971759903], "rotation": [[-0.41662075555187567, 0.3647298730227217, -0.8327059899917947], [0.9084097908616275, 0.13185154518999886, -0.39674528591748154], [-0.03491128628566027, -0.9217305949982564, -0.38625627805129864]], "fy": 476.93483005066446, "fx": 478.53902312262517}, {"id": 40, "img_name": "cam1/pass1_0040.png", "width": 1028, "height": 688, "position": [105.07226789826613, 14.095820434816368, -0.19571533810266512], "rotation": [[-0.4262356873864784, 0.3275064361233751, -0.8432453220124871], [0.9044201190555419, 0.13507596326801863, -0.4046958517143182], [-0.01863832196678264, -0.9351438490654703, -0.35377760600309416]], "fy": 476.93483005066446, "fx": 478.53902312262517}, {"id": 41, "img_name": "cam1/pass1_0041.png", "width": 1028, "height": 688, "position": [104.47963171697852, 13.865812703866263, -0.18521210089098764], "rotation": [[-0.4409894934784324, 0.33163057517745753, -0.8339960600920747], [0.8974493474392, 0.1519314177525183, -0.414127411650887], [-0.01062710791273218, -0.9310950573959555, -0.3646218022420387]], "fy": 476.93483005066446, "fx": 478.53902312262517}, {"id": 42, "img_name": "cam1/pass1_0042.png", "width": 1028, "height": 688, "position": [103.91125361443474, 13.661325792212587, -0.18535983396712985], "rotation": [[-0.4215884890488299, 0.34618535248256616, -0.8381043178674403], [0.906690136751738, 0.147405615589532, -0.3952019488942159], [-0.013271843076245857, -0.9265135110829165, -0.37602735533757053]], "fy": 476.93483005066446, "fx": 478.53902312262517}, {"id": 43, "img_name": "cam1/pass1_0043.png", "width": 1028, "height": 688, "position": [103.39579759646038, 13.44167741618503, -0.18904858167178046], "rotation": [[-0.4614703510215371, 0.30303732885538215, -0.8337946344563838], [0.8870583852521072, 0.1715287002210202, -0.42860859318778477], [0.013135306695474858, -0.9374146800219649, -0.3479672131068293]], "fy": 476.93483005066446, "fx": 478.53902312262517}, {"id": 44, "img_name": "cam1/pass1_0044.png", "width": 1028, "height": 688, "position": [102.85121818522315, 13.388632058790257, -0.20995533681898518], "rotation": [[-0.4133265427391395, 0.36034551630260847, -0.8362489330025584], [0.9105388404816204, 0.17258943592689355, -0.3756752674595749], [0.008954833426537233, -0.9167136933018093, -0.3994443834518893]], "fy": 476.93483005066446, "fx": 478.53902312262517}, {"id": 45, "img_name": "cam1/pass1_0045.png", "width": 1028, "height": 688, "position": [102.33097380655202, 13.256268235267747, -0.19194672895560796], "rotation": [[-0.390773045755913, 0.36435757541070085, -0.8453046693065661], [0.9204166120847855, 0.1433071126875894, -0.3637256268831114], [-0.011388016026206012, -0.9201666309391916, -0.39136132205035923]], "fy": 476.93483005066446, "fx": 478.53902312262517}, {"id": 46, "img_name": "cam1/pass1_0046.png", "width": 1028, "height": 688, "position": [101.6985295242527, 13.075206587498991, -0.17540567935023257], "rotation": [[-0.39975780073663786, 0.3245802603826235, -0.8572288815247396], [0.9153170124981005, 0.09149215436366247, -0.3922039677533217], [-0.048871948823019574, -0.9414227744535635, -0.3336685366623536]], "fy": 476.93483005066446, "fx": 478.53902312262517}, {"id": 47, "img_name": "cam1/pass1_0047.png", "width": 1028, "height": 688, "position": [101.01883947383811, 12.856301422739872, -0.19446055697438694], "rotation": [[-0.42782272965690293, 0.3331796379628338, -0.840213687603262], [0.9038528732925067, 0.15337496962657804, -0.3994071883841426], [-0.004206593609596453, -0.9303050292989937, -0.3667626712619519]], "fy": 476.93483005066446, "fx": 478.53902312262517}, {"id": 48, "img_name": "cam1/pass1_0048.png", "width": 1028, "height": 688, "position": [100.35686909539898, 12.695920696574754, -0.19552001986144987], "rotation": [[-0.4093446598987215, 0.3236984647641082, -0.8530276978631816], [0.9123634833899774, 0.15082282912628425, -0.38058553360690134], [0.005461097774823338, -0.9340619776672762, -0.35706917857383147]], "fy": 476.93483005066446, "fx": 478.53902312262517}, {"id": 49, "img_name": "cam1/pass1_0049.png", "width": 1028, "height": 688, "position": [99.62449278246636, 12.442502128380752, -0.21320479641859658], "rotation": [[-0.4281999238497392, 0.34131772561372, -0.8367478923767635], [0.9032841075136283, 0.13411394103117288, -0.40754296943315765], [-0.026882081920611485, -0.9303309416562285, -0.36573445649630737]], "fy": 476.93483005066446, "fx": 478.53902312262517}, {"id": 50, "img_name": "cam1/pass1_0050.png", "width": 1028, "height": 688, "position": [98.80858337532241, 12.264357512833147, -0.2113720027450512], "rotation": [[-0.3833848657359472, 0.3475952905425792, -0.855683094794591], [0.9234158238834526, 0.12633726749008817, -0.36241152167775], [-0.01786787413974523, -0.9290944025424744, -0.36941078792851745]], "fy": 476.93483005066446, "fx": 478.53902312262517}, {"id": 51, "img_name": "cam1/pass1_0051.png", "width": 1028, "height": 688, "position": [98.07217754441425, 12.079212351635373, -0.20787678355935654], "rotation": [[-0.37448286476305837, 0.363924381868294, -0.8528315356977795], [0.9270730777265311, 0.12982685452524947, -0.3516823799947007], [-0.01726535703396124, -0.9223361817286905, -0.38600242916415684]], "fy": 476.93483005066446, "fx": 478.53902312262517}, {"id": 52, "img_name": "cam1/pass1_0052.png", "width": 1028, "height": 688, "position": [97.31441918133402, 11.817964763998752, -0.20542538667105098], "rotation": [[-0.43878130807239846, 0.3774396610941019, -0.8154816159297796], [0.8983834056944324, 0.16461892562888, -0.4071951199335104], [-0.019447880582412952, -0.9112847587653174, -0.4113172356987847]], "fy": 476.93483005066446, "fx": 478.53902312262517}, {"id": 53, "img_name": "cam1/pass1_0053.png", "width": 1028, "height": 688, "position": [96.58145064196448, 11.640623973967497, -0.20737197030650403], "rotation": [[-0.3632538439582308, 0.36308726555882054, -0.8580293016200481], [0.9313197508007597, 0.11553884234502425, -0.34539006598045385], [-0.026271022400733736, -0.9245639044969198, -0.3801202702874839]], "fy": 476.93483005066446, "fx": 478.53902312262517}, {"id": 54, "img_name": "cam1/pass1_0054.png", "width": 1028, "height": 688, "position": [95.78851265128472, 11.435575022806567, -0.22380705249831787], "rotation": [[-0.39471210711271393, 0.37191228496511863, -0.8401687954159361], [0.9179792513021222, 0.12087182150519528, -0.3777619580434364], [-0.03894158031508196, -0.9203647402296768, -0.38911733225920836]], "fy": 476.93483005066446, "fx": 478.53902312262517}, {"id": 55, "img_name": "cam1/pass1_0055.png", "width": 1028, "height": 688, "position": [95.18075733669035, 11.23121897826105, -0.22072082405865667], "rotation": [[-0.382359396205194, 0.38396260566419005, -0.8404605937134502], [0.9237726634817996, 0.1380695636541923, -0.3571846326426751], [-0.021103514810128475, -0.9129674216771957, -0.40748635390495247]], "fy": 476.93483005066446, "fx": 478.53902312262517}, {"id": 56, "img_name": "cam1/pass1_0056.png", "width": 1028, "height": 688, "position": [94.6605139748671, 11.208526009861538, -0.2486944145557647], "rotation": [[-0.30316459267987916, 0.3935086259325037, -0.8678952650302666], [0.9527588189585907, 0.10749485572482886, -0.2840695141850502], [-0.018489527897582177, -0.9130146862506711, -0.40750744784447024]], "fy": 476.93483005066446, "fx": 478.53902312262517}, {"id": 57, "img_name": "cam1/pass1_0057.png", "width": 1028, "height": 688, "position": [94.10113424898518, 11.030220057579326, -0.2243789935138815], "rotation": [[-0.37916813457468695, 0.37978961783479165, -0.8437958117388676], [0.9248339400822942, 0.125753322991574, -0.35898229068915855], [-0.030227619737758612, -0.9164856507013516, -0.39892398155978226]], "fy": 476.93483005066446, "fx": 478.53902312262517}, {"id": 58, "img_name": "cam1/pass1_0058.png", "width": 1028, "height": 688, "position": [93.54978082171115, 10.854841263899102, -0.19591413686749026], "rotation": [[-0.3597251749980008, 0.3484508137568325, -0.8655517482304916], [0.9324444375400693, 0.10060684691034136, -0.34702396639907135], [-0.03384035125767618, -0.9319121700820101, -0.3611018386546893]], "fy": 476.93483005066446, "fx": 478.53902312262517}, {"id": 59, "img_name": "cam1/pass1_0059.png", "width": 1028, "height": 688, "position": [92.83647262932226, 10.664734857793272, -0.21390374161438008], "rotation": [[-0.3466030247068908, 0.4062000073851401, -0.8454986086708538], [0.9354115676855135, 0.08260794168066547, -0.343774820211451], [-0.06979643475254992, -0.9100425715160791, -0.40859634815333123]], "fy": 476.93483005066446, "fx": 478.53902312262517}, {"id": 60, "img_name": "cam1/pass1_0060.png", "width": 1028, "height": 688, "position": [92.25120734052017, 10.426543221122756, -0.17172458091848114], "rotation": [[-0.3510415021750385, 0.3782003727358706, -0.8565829450865469], [0.9357688751606331, 0.10920003126736427, -0.3352789367851949], [-0.03326373447610473, -0.9192604806221445, -0.39224188039403496]], "fy": 476.93483005066446, "fx": 478.53902312262517}, {"id": 61, "img_name": "cam1/pass1_0061.png", "width": 1028, "height": 688, "position": [91.7491392798177, 10.227003159792622, -0.1900372284629754], "rotation": [[-0.39508848038728545, 0.364039788096381, -0.8434335334500321], [0.9173508675989196, 0.10766451658286279, -0.38324370521182355], [-0.048708093585910835, -0.9251396567825423, -0.37648922569909676]], "fy": 476.93483005066446, "fx": 478.53902312262517}, {"id": 62, "img_name": "cam1/pass1_0062.png", "width": 1028, "height": 688, "position": [91.14021714002199, 10.088708385433405, -0.18734403608198644], "rotation": [[-0.3299547401115374, 0.3817345827516887, -0.8633704754097861], [0.9427584168284718, 0.08642150041354564, -0.32208367199431814], [-0.04833670424221351, -0.9202228168208308, -0.3883986745926592]], "fy": 476.93483005066446, "fx": 478.53902312262517}, {"id": 63, "img_name": "cam1/pass1_0063.png", "width": 1028, "height": 688, "position": [90.5522209145046, 9.89816770149627, -0.20058058737545623], "rotation": [[-0.3412912995112668, 0.3631398236381093, -0.8669773453591468], [0.9387355744390217, 0.08466477587441522, -0.3340769327696463], [-0.04791419581450236, -0.9278800268430278, -0.3697876223256148]], "fy": 476.93483005066446, "fx": 478.53902312262517}, {"id": 64, "img_name": "cam1/pass1_0064.png", "width": 1028, "height": 688, "position": [89.93432820839051, 9.695494577123602, -0.18707092067976913], "rotation": [[-0.37428427220351385, 0.35947561230322894, -0.8548032333468945], [0.9268113606588331, 0.11466650263076236, -0.3575923585986594], [-0.030528434856852724, -0.9260825434774421, -0.37608394984570037]], "fy": 476.93483005066446, "fx": 478.53902312262517}, {"id": 65, "img_name": "cam1/pass1_0065.png", "width": 1028, "height": 688, "position": [89.25075262947038, 9.52935639296914, -0.19474808309371122], "rotation": [[-0.32807178700554473, 0.3691851822913446, -0.8695235498521563], [0.9440637888770165, 0.09563591679095258, -0.31559045288272913], [-0.033353637015483814, -0.9244220208303459, -0.3799098081147403]], "fy": 476.93483005066446, "fx": 478.53902312262517}, {"id": 66, "img_name": "cam1/pass1_0066.png", "width": 1028, "height": 688, "position": [88.50593620904431, 9.30759403924376, -0.19343915933926545], "rotation": [[-0.36058188341070374, 0.3769728086817174, -0.8531542690924111], [0.9304901686073025, 0.0820667362990722, -0.3570057379348006], [-0.06456586932073669, -0.9225814610687965, -0.38036127065070846]], "fy": 476.93483005066446, "fx": 478.53902312262517}, {"id": 67, "img_name": "cam1/pass1_0067.png", "width": 1028, "height": 688, "position": [87.79033447324132, 9.122706701225663, -0.1871435275721049], "rotation": [[-0.3277181471406452, 0.35806613884481286, -0.874293689927744], [0.9428612534534783, 0.06507292844515923, -0.3267692928041239], [-0.060112168242700305, -0.9314258715519654, -0.358932268029531]], "fy": 476.93483005066446, "fx": 478.53902312262517}, {"id": 68, "img_name": "cam1/pass1_0068.png", "width": 1028, "height": 688, "position": [87.03237623005582, 8.904097317155582, -0.17270276574602622], "rotation": [[-0.3180410352821407, 0.3517815006960017, -0.8803974532248106], [0.9470120926959852, 0.073875851755125, -0.31258671567266794], [-0.04492211219694007, -0.9331624372506233, -0.35663688752040434]], "fy": 476.93483005066446, "fx": 478.53902312262517}, {"id": 69, "img_name": "cam1/pass1_0069.png", "width": 1028, "height": 688, "position": [86.29053260932349, 8.678289127770151, -0.20238267100368548], "rotation": [[-0.3437127187695317, 0.3739488653853514, -0.8614080409614626], [0.9375917294099834, 0.08512011694085972, -0.3371591829299195], [-0.05275714073045893, -0.9235349542756801, -0.37986823022327615]], "fy": 476.93483005066446, "fx": 478.53902312262517}, {"id": 70, "img_name": "cam1/pass1_0070.png", "width": 1028, "height": 688, "position": [85.67700708670421, 8.555493997032652, -0.21218174421888436], "rotation": [[-0.3199812906254746, 0.3805098104415975, -0.867654457608185], [0.9460253575331378, 0.07858175332537157, -0.31442158155668665], [-0.051458687837457134, -0.9214321419410162, -0.3851166203165435]], "fy": 476.93483005066446, "fx": 478.53902312262517}, {"id": 71, "img_name": "cam1/pass1_0071.png", "width": 1028, "height": 688, "position": [85.04844779119112, 8.446759068585338, -0.21812845270059314], "rotation": [[-0.3311070796725385, 0.3707991226560686, -0.8676843391627015], [0.9432522986346905, 0.10535118118851805, -0.314922577378246], [-0.02536144536687201, -0.9227183423232003, -0.38463964672044615]], "fy": 476.93483005066446, "fx": 478.53902312262517}, {"id": 72, "img_name": "cam1/pass1_0072.png", "width": 1028, "height": 688, "position": [84.39654684929604, 8.360817983145731, -0.20637213450042013], "rotation": [[-0.321417999714068, 0.3721563700191146, -0.8707411243957659], [0.9461196852045565, 0.08800540352919602, -0.3116289303291564], [-0.039344767482323365, -0.9239884659474158, -0.38039098841573854]], "fy": 476.93483005066446, "fx": 478.53902312262517}, {"id": 73, "img_name": "cam1/pass1_0073.png", "width": 1028, "height": 688, "position": [83.67864957486341, 8.248289876131057, -0.23337761886858602], "rotation": [[-0.3652962250126519, 0.37461475075408185, -0.8521868671300701], [0.9299157687903195, 0.10495051908790637, -0.35247985970589585], [-0.042606700724360236, -0.9212215678438259, -0.38669819238360664]], "fy": 476.93483005066446, "fx": 478.53902312262517}, {"id": 74, "img_name": "cam1/pass1_0074.png", "width": 1028, "height": 688, "position": [82.944330575176, 8.152528929901877, -0.22013203510892013], "rotation": [[-0.3598795510204411, 0.3648208515285573, -0.8587155844907572], [0.9327772746089157, 0.12063255125141328, -0.3396679901782594], [-0.02032891365735797, -0.9232299463668586, -0.38370978799212024]], "fy": 476.93483005066446, "fx": 478.53902312262517}, {"id": 75, "img_name": "cam1/pass1_0075.png", "width": 1028, "height": 688, "position": [82.23888948645832, 8.038745466430461, -0.21603576218362644], "rotation": [[-0.37498922540339286, 0.3448845955455959, -0.8604868950697117], [0.9267313459868727, 0.11593636120630922, -0.3573902244264642], [-0.02349666352317369, -0.9314576618964439, -0.3630902517249498]], "fy": 476.93483005066446, "fx": 478.53902312262517}, {"id": 76, "img_name": "cam1/pass1_0076.png", "width": 1028, "height": 688, "position": [81.51904451993528, 7.920174479249158, -0.21674242198415142], "rotation": [[-0.38690033472797336, 0.34797571368009134, -0.853944397297748], [0.9220127775495307, 0.1317623360143981, -0.3640482452140506], [-0.014162239327985247, -0.9281980335558037, -0.37181694619847183]], "fy": 476.93483005066446, "fx": 478.53902312262517}, {"id": 77, "img_name": "cam1/pass1_0077.png", "width": 1028, "height": 688, "position": [80.80150240635797, 7.762592739322623, -0.23298645315363695], "rotation": [[-0.36121646441879646, 0.3601354793139608, -0.8601308635155959], [0.9323896347974254, 0.12651014450105477, -0.33859230980730176], [-0.013123823951299785, -0.9242822187392894, -0.3814841351449205]], "fy": 476.93483005066446, "fx": 478.53902312262517}, {"id": 78, "img_name": "cam1/pass1_0078.png", "width": 1028, "height": 688, "position": [80.19027957242862, 7.6195144853233945, -0.22677396112088066], "rotation": [[-0.389445731412646, 0.3532298740151629, -0.8506236996390941], [0.9209454921006438, 0.1354657848554177, -0.3653880426519287], [-0.013835565184359301, -0.925676875176612, -0.37806203181394854]], "fy": 476.93483005066446, "fx": 478.53902312262517}, {"id": 79, "img_name": "cam1/pass1_0079.png", "width": 1028, "height": 688, "position": [79.56322150880507, 7.494333307055765, -0.2262988173137013], "rotation": [[-0.36476215027395226, 0.37655034580725055, -0.8515623352403296], [0.9309113572481401, 0.12904010874016197, -0.34169093532423894], [-0.018778143517106438, -0.917364969577958, -0.39760394102333046]], "fy": 476.93483005066446, "fx": 478.53902312262517}, {"id": 80, "img_name": "cam1/pass1_0080.png", "width": 1028, "height": 688, "position": [78.99926935668435, 7.32949625671277, -0.2371632507399731], "rotation": [[-0.3912301333037522, 0.3517500586255217, -0.850418061339285], [0.9201657195166637, 0.13415257075168555, -0.36782894990347526], [-0.015298085550382536, -0.9264313164059463, -0.3761528739234042]], "fy": 476.93483005066446, "fx": 478.53902312262517}, {"id": 81, "img_name": "cam1/pass1_0081.png", "width": 1028, "height": 688, "position": [78.40995312597643, 7.124404123211136, -0.24186902262538906], "rotation": [[-0.38300190349260993, 0.3501408322629161, -0.8548163191605965], [0.9237475393983666, 0.14533409659398777, -0.3543564361242409], [0.0001593000367409495, -0.925353661012611, -0.3791049678836414]], "fy": 476.93483005066446, "fx": 478.53902312262517}, {"id": 82, "img_name": "cam1/pass1_0082.png", "width": 1028, "height": 688, "position": [77.82371179684316, 6.984475751353962, -0.24090603635064445], "rotation": [[-0.3741463796068766, 0.37068169896179104, -0.8500644473696495], [0.9273312742910085, 0.14120492382915584, -0.34658026084619564], [-0.008437674376383555, -0.9179630970475896, -0.3965760432879373]], "fy": 476.93483005066446, "fx": 478.53902312262517}, {"id": 83, "img_name": "cam1/pass1_0083.png", "width": 1028, "height": 688, "position": [77.29369844901778, 6.823112941946378, -0.24732709789868063], "rotation": [[-0.3672792383080413, 0.38549984228277473, -0.8464607685580112], [0.929877185838924, 0.1317941592083729, -0.3434511884603699], [-0.020841793688328336, -0.9132470482834932, -0.4068727668907551]], "fy": 476.93483005066446, "fx": 478.53902312262517}, {"id": 84, "img_name": "cam1/pass1_0084.png", "width": 1028, "height": 688, "position": [76.78798603974923, 6.679010438459611, -0.22257344193354847], "rotation": [[-0.3560605113597692, 0.3914639523465735, -0.8485145174146516], [0.9336911086914986, 0.11214015853615686, -0.3400669028204974], [-0.037971381337260406, -0.9133348558205173, -0.40543509387157767]], "fy": 476.93483005066446, "fx": 478.53902312262517}, {"id": 85, "img_name": "cam1/pass1_0085.png", "width": 1028, "height": 688, "position": [76.21490404968853, 6.541972757108553, -0.22907530993252748], "rotation": [[-0.3539155926134272, 0.3756262355204736, -0.856532944196431], [0.9352714370081401, 0.13887753950785103, -0.3255462611319238], [-0.0033305287593332657, -0.9163066954949985, -0.4004634157688076]], "fy": 476.93483005066446, "fx": 478.53902312262517}, {"id": 86, "img_name": "cam1/pass1_0086.png", "width": 1028, "height": 688, "position": [75.57654192841628, 6.391286315724214, -0.24101502968832925], "rotation": [[-0.37605750214708955, 0.3764106568650839, -0.846696977954502], [0.9259285710756492, 0.11797080480565868, -0.3588024114736562], [-0.03517152747176381, -0.9189112615546187, -0.39289318783023114]], "fy": 476.93483005066446, "fx": 478.53902312262517}, {"id": 87, "img_name": "cam1/pass1_0087.png", "width": 1028, "height": 688, "position": [74.96201616992771, 6.2300418441386975, -0.21650774144962392], "rotation": [[-0.3717722942541379, 0.3606927107150744, -0.8553865381580577], [0.9283238642907533, 0.14404685959853245, -0.34273211875761445], [-0.00040523239927631855, -0.9214940426702779, -0.38839228250557484]], "fy": 476.93483005066446, "fx": 478.53902312262517}, {"id": 88, "img_name": "cam1/pass1_0088.png", "width": 1028, "height": 688, "position": [74.34369890478361, 6.06795206281393, -0.20173644269050517], "rotation": [[-0.3588937212625014, 0.35696864922716687, -0.8624202457661144], [0.9333528386042858, 0.14409675968295524, -0.3287683113047758], [0.00691198290471236, -0.9229352671329687, -0.38489312435339795]], "fy": 476.93483005066446, "fx": 478.53902312262517}, {"id": 89, "img_name": "cam1/pass1_0089.png", "width": 1028, "height": 688, "position": [73.71828864203526, 5.8958636116455585, -0.18429856418141088], "rotation": [[-0.38119571094371335, 0.3408317565520234, -0.8593739254153455], [0.9244585203595816, 0.13234381617823987, -0.35757734611403075], [-0.008140890165714901, -0.9307624981943797, -0.3655337164507092]], "fy": 476.93483005066446, "fx": 478.53902312262517}, {"id": 90, "img_name": "cam1/pass1_0090.png", "width": 1028, "height": 688, "position": [73.07934749305272, 5.713033803510602, -0.19409821847657013], "rotation": [[-0.37666429464719015, 0.328159157451104, -0.8662768475025274], [0.9261848498130641, 0.15105791409927538, -0.3454896967562538], [0.01748236582065839, -0.9324661248372286, -0.3608341626237121]], "fy": 476.93483005066446, "fx": 478.53902312262517}, {"id": 91, "img_name": "cam1/pass1_0091.png", "width": 1028, "height": 688, "position": [72.49318786125033, 5.555194870852249, -0.20070891305794653], "rotation": [[-0.37332001697600314, 0.34258560848214586, -0.8621294947894758], [0.9277003607711908, 0.13580640890398107, -0.3477479833523247], [-0.0020507437776324366, -0.9296191263961407, -0.36851604346138955]], "fy": 476.93483005066446, "fx": 478.53902312262517}, {"id": 92, "img_name": "cam1/pass1_0092.png", "width": 1028, "height": 688, "position": [71.9333831441282, 5.355198797974452, -0.19784665355173375], "rotation": [[-0.38943580699701497, 0.32728756683152604, -0.8609428557262583], [0.920573160767568, 0.16849772384599684, -0.35235432838710606], [0.02974572075097513, -0.9297802781605011, -0.36691119694115126]], "fy": 476.93483005066446, "fx": 478.53902312262517}, {"id": 93, "img_name": "cam1/pass1_0093.png", "width": 1028, "height": 688, "position": [71.38162350968149, 5.188639977628995, -0.19672664905177106], "rotation": [[-0.39357123814131695, 0.3255284096813559, -0.859728407695266], [0.9182075951914294, 0.1846570517935547, -0.3504234372237174], [0.04468212887366379, -0.9273257398095018, -0.37157836272592265]], "fy": 476.93483005066446, "fx": 478.53902312262517}, {"id": 94, "img_name": "cam1/pass1_0094.png", "width": 1028, "height": 688, "position": [70.80607955357875, 5.092039202875151, -0.18282462402252625], "rotation": [[-0.41575668120458653, 0.30825206094690993, -0.8556442303643089], [0.9090195308023352, 0.17064331654805057, -0.380216189999038], [0.028807545081984434, -0.9358747381137417, -0.35115324276857396]], "fy": 476.93483005066446, "fx": 478.53902312262517}, {"id": 95, "img_name": "cam1/pass1_0095.png", "width": 1028, "height": 688, "position": [70.14807153090098, 4.972784263174907, -0.17839662336274512], "rotation": [[-0.38731768752005047, 0.2824644905033505, -0.8776097199432114], [0.9206379041148769, 0.16919365800216657, -0.3518513259870021], [0.0491004932876017, -0.944239015131512, -0.3255792128843382]], "fy": 476.93483005066446, "fx": 478.53902312262517}, {"id": 96, "img_name": "cam1/pass1_0096.png", "width": 1028, "height": 688, "position": [69.43931253359466, 4.877012734764024, -0.19394398694162124], "rotation": [[-0.4010415914698165, 0.2979539317523256, -0.8662500196044379], [0.9156614275483858, 0.15827100960663032, -0.3694786023819935], [0.027014662896489183, -0.9413680162781343, -0.3362981800681673]], "fy": 476.934830050