[{"id": 0, "img_name": "cam1/pass1_0000.jpg", "width": 1028, "height": 688, "position": [132.94043458070996, 23.249897559825268, -0.34727621067564274], "rotation": [[-0.16095993806560988, 0.3790019785259245, -0.9112899640681603], [0.9821386906440234, 0.15267039735537924, -0.10997882574110915], [0.09744480836841679, -0.91271531708676, -0.39680632464371945]], "fy": 476.93483005017833, "fx": 478.5390231223484}, {"id": 1, "img_name": "cam1/pass1_0001.jpg", "width": 1028, "height": 688, "position": [132.9591146451815, 23.153680759167464, -0.3409172752031917], "rotation": [[-0.18942053005435733, 0.35643290402218153, -0.9149182737951188], [0.9743261506041813, 0.1837101160119572, -0.13015047262192694], [0.12168983130386779, -0.9160819713350913, -0.38208036687593394]], "fy": 476.93483005017833, "fx": 478.5390231223484}, {"id": 2, "img_name": "cam1/pass1_0002.jpg", "width": 1028, "height": 688, "position": [132.93207498970906, 23.161276964736444, -0.344271973201558], "rotation": [[-0.20896183992705797, 0.36258717663013795, -0.9082210572309384], [0.9714320912174055, 0.18379623022073283, -0.15012873778735797], [0.11249285136077054, -0.9136462581875068, -0.39063521768101117]], "fy": 476.93483005017833, "fx": 478.5390231223484}, {"id": 3, "img_name": "cam1/pass1_0003.jpg", "width": 1028, "height": 688, "position": [132.90975269023932, 23.18651098882089, -0.32720346119169236], "rotation": [[-0.1556646267970893, 0.33925034116436, -0.9277271851056141], [0.9870388809201116, 0.09052068460097286, -0.13251510559684646], [0.039022705135531494, -0.9363307170435216, -0.3489441456804627]], "fy": 476.93483005017833, "fx": 478.5390231223484}, {"id": 4, "img_name": "cam1/pass1_0004.jpg", "width": 1028, "height": 688, "position": [132.74651994588245, 23.287224862112463, -0.3541603399144385], "rotation": [[-0.13483234927670004, 0.3985536331199246, -0.9071798273305208], [0.9902099891108275, 0.08756812507434855, -0.10870143023943062], [0.03611668663734758, -0.9129549961514375, -0.40645880473729135]], "fy": 476.93483005017833, "fx": 478.5390231223484}, {"id": 5, "img_name": "cam1/pass1_0005.jpg", "width": 1028, "height": 688, "position": [132.4967786072075, 23.355553678491603, -0.3922699209358186], "rotation": [[-0.11123280651144168, 0.4442262857500037, -0.8889827162573778], [0.992918735512487, 0.08722044081769492, -0.08065345232444743], [0.041709080832276556, -0.8916589043756161, -0.4507823763456201]], "fy": 476.93483005017833, "fx": 478.5390231223484}, {"id": 6, "img_name": "cam1/pass1_0006.jpg", "width": 1028, "height": 688, "position": [132.04837561286104, 23.248337294654124, -0.4821514817662613], "rotation": [[0.1311155829567747, 0.5897893701139919, -0.796842018725447], [0.9907354729961715, -0.04926678507291635, 0.12655436158280456], [0.03538257272948524, -0.8060529032198318, -0.5907848938132414]], "fy": 476.93483005017833, "fx": 478.5390231223484}, {"id": 7, "img_name": "cam1/pass1_0007.jpg", "width": 1028, "height": 688, "position": [131.77814115346425, 23.134557944092002, -0.48170073272965325], "rotation": [[0.22815723293932827, 0.6090464288425851, -0.7596095869402674], [0.960866851621023, -0.014967969259675246, 0.276605953211684], [0.15709605505349888, -0.7929933211637635, -0.5886275750220106]], "fy": 476.93483005017833, "fx": 478.5390231223484}, {"id": 8, "img_name": "cam1/pass1_0008.jpg", "width": 1028, "height": 688, "position": [131.8092964671386, 22.791638923160917, -0.4230670548344765], "rotation": [[-0.13713119940605098, 0.45986470422318304, -0.8773365876100132], [0.9782455045285928, 0.20205788694684787, -0.04699301216323638], [0.15566234939463428, -0.864694780909599, -0.4775690199841734]], "fy": 476.93483005017833, "fx": 478.5390231223484}, {"id": 9, "img_name": "cam1/pass1_0009.jpg", "width": 1028, "height": 688, "position": [131.66461466336676, 22.90465041727631, -0.32682283413723096], "rotation": [[-0.36758650463641224, 0.3807445552781553, -0.8484773097939777], [0.9272104522239687, 0.2205201692717066, -0.30274020583827654], [0.07183967494225862, -0.8980002441928501, -0.43409056950568886]], "fy": 476.93483005017833, "fx": 478.5390231223484}, {"id": 10, "img_name": "cam1/pass1_0010.jpg", "width": 1028, "height": 688, "position": [131.06603187679067, 23.152025565607644, -0.4006219797422367], "rotation": [[-0.3846387052323758, 0.4033860449796642, -0.8302606609690878], [0.9229723737608023, 0.1551794510213688, -0.3521950244609612], [-0.013231164405001284, -0.9017754912928001, -0.43200219859639255]], "fy": 476.93483005017833, "fx": 478.5390231223484}, {"id": 11, "img_name": "cam1/pass1_0011.jpg", "width": 1028, "height": 688, "position": [130.20106209104185, 22.956784543335658, -0.3134462286319422], "rotation": [[-0.4126894227685318, 0.4182899900696332, -0.8091482710495793], [0.9104662671709641, 0.21593532392188966, -0.3527366046025274], [0.027177503173540882, -0.8822728716730984, -0.4699531500383396]], "fy": 476.93483005017833, "fx": 478.5390231223484}, {"id": 12, "img_name": "cam1/pass1_0012.jpg", "width": 1028, "height": 688, "position": [129.19490315679153, 22.71473468978199, -0.2556710440798876], "rotation": [[-0.3364597742399939, 0.3801158726162597, -0.8615722510060031], [0.9407892860787985, 0.17586077215840804, -0.2898077086883518], [0.041356251253181785, -0.9080665791675343, -0.41677901612395946]], "fy": 476.93483005017833, "fx": 478.5390231223484}, {"id": 13, "img_name": "cam1/pass1_0013.jpg", "width": 1028, "height": 688, "position": [128.06748665267904, 22.509461719722395, -0.20338898942706293], "rotation": [[-0.18444704193774306, 0.3723146903626977, -0.9095938984297033], [0.9804194344354445, 0.13464413821339472, -0.14369651570603806], [0.0689711628269375, -0.9182879327231198, -0.3898592711651211]], "fy": 476.93483005017833, "fx": 478.5390231223484}, {"id": 14, "img_name": "cam1/pass1_0014.jpg", "width": 1028, "height": 688, "position": [126.75316186965972, 22.246307787873896, -0.15904483716607806], "rotation": [[0.07450562751872172, 0.4397059925743914, -0.8950461170030347], [0.9933697195007084, 0.04607630561915262, 0.10532603875383036], [0.08755290884444925, -0.8969590927989187, -0.43335767444250434]], "fy": 476.93483005017833, "fx": 478.5390231223484}, {"id": 15, "img_name": "cam1/pass1_0015.jpg", "width": 1028, "height": 688, "position": [125.27020615697793, 21.651985816802252, -0.09873713793427433], "rotation": [[-0.16925171811136291, 0.3984268336851408, -0.9014487861858743], [0.9832219779908543, 0.13139462029460355, -0.1265306119221343], [0.06803232990354532, -0.907739782072633, -0.4139807847359895]], "fy": 476.93483005017833, "fx": 478.5390231223484}, {"id": 16, "img_name": "cam1/pass1_0016.jpg", "width": 1028, "height": 688, "position": [123.7949364629838, 21.207502111648715, -0.025297070212235997], "rotation": [[-0.30266020244577246, 0.3620932564173385, -0.8816378369333816], [0.9500183136688639, 0.18892090982867454, -0.24854394686508455], [0.07656373520964277, -0.9127964523849736, -0.4011740656674538]], "fy": 476.93483005017833, "fx": 478.5390231223484}, {"id": 17, "img_name": "cam1/pass1_0017.jpg", "width": 1028, "height": 688, "position": [122.20338278921525, 20.770840458960425, 0.01571011492982793], "rotation": [[-0.24063125287185805, 0.39013705671980753, -0.8887573780933268], [0.9680801662710152, 0.16262227017882638, -0.1907217578425903], [0.07012411720658199, -0.9062820058987653, -0.41681594735579225]], "fy": 476.93483005017833, "fx": 478.5390231223484}, {"id": 18, "img_name": "cam1/pass1_0018.jpg", "width": 1028, "height": 688, "position": [120.52523156051716, 20.36165727098854, 0.042019043444545705], "rotation": [[-0.3192623887405826, 0.3823682262294439, -0.8671021085811093], [0.9464651605773114, 0.17470844810261996, -0.2714418132398506], [0.04769933908368941, -0.9073430981341749, -0.41767604111231477]], "fy": 476.93483005017833, "fx": 478.5390231223484}, {"id": 19, "img_name": "cam1/pass1_0019.jpg", "width": 1028, "height": 688, "position": [118.90494715265292, 20.063282470605728, 0.11787493364442829], "rotation": [[0.18944785920147597, 0.35013186614533354, -0.917342457838709], [0.9766395731725085, 0.029300105077096943, 0.21287707240539425], [0.10141327702721255, -0.9362420521168964, -0.33640179412503807]], "fy": 476.93483005017833, "fx": 478.5390231223484}, {"id": 20, "img_name": "cam1/pass1_0020.jpg", "width": 1028, "height": 688, "position": [117.3756517071452, 19.41619346675756, 0.12258036416890104], "rotation": [[-0.2842384237757473, 0.3192899333032205, -0.9040256948453971], [0.9572188432131234, 0.14783892261562329, -0.24874834503485846], [0.05422734224731707, -0.9360542673643854, -0.3476518429430733]], "fy": 476.93483005017833, "fx": 478.5390231223484}, {"id": 21, "img_name": "cam1/pass1_0021.jpg", "width": 1028, "height": 688, "position": [116.09114311092148, 19.04204931069968, 0.09476221293480819], "rotation": [[-0.3519650336569797, 0.33257048710154286, -0.8749385613812467], [0.9356775790981072, 0.15003800126975622, -0.3193682297099747], [0.025061585264075124, -0.931066844691626, -0.36398687841738636]], "fy": 476.93483005017833, "fx": 478.5390231223484}, {"id": 22, "img_name": "cam1/pass1_0022.jpg", "width": 1028, "height": 688, "position": [115.09198694011374, 18.62480837244467, 0.08312244309294597], "rotation": [[-0.42037632398919744, 0.3185641388457502, -0.849588509615563], [0.9069633729166028, 0.17485428656488824, -0.38320153791134814], [0.026479924793459838, -0.9316345141263008, -0.3624306080777156]], "fy": 476.93483005017833, "fx": 478.5390231223484}, {"id": 23, "img_name": "cam1/pass1_0023.jpg", "width": 1028, "height": 688, "position": [114.24304691361057, 18.260230879151234, 0.05816583210756109], "rotation": [[-0.4672532335137075, 0.31839931375374164, -0.8248007594395945], [0.883888809366268, 0.18972236797294345, -0.42748800657775304], [0.020371265254450797, -0.9287773145872407, -0.3700779802420672]], "fy": 476.93483005017833, "fx": 478.5390231223484}, {"id": 24, "img_name": "cam1/pass1_0024.jpg", "width": 1028, "height": 688, "position": [113.38444811027477, 17.909456484829008, 0.023351443147631493], "rotation": [[-0.44780949708815465, 0.34443522037655777, -0.8251248592072634], [0.8934884561938427, 0.20730536823062123, -0.3983752790411449], [0.03383833574509185, -0.9156357699800279, -0.4005822060040658]], "fy": 476.93483005017833, "fx": 478.5390231223484}, {"id": 25, "img_name": "cam1/pass1_0025.jpg", "width": 1028, "height": 688, "position": [112.5360280133517, 17.574933088656287, 0.01122988227402047], "rotation": [[-0.4536975356949854, 0.34182429564084826, -0.8229913104121661], [0.8911121445828829, 0.1831524419678041, -0.4151798752084746], [0.008814299812878837, -0.9217436378466994, -0.38769959273636095]], "fy": 476.93483005017833, "fx": 478.5390231223484}, {"id": 26, "img_name": "cam1/pass1_0026.jpg", "width": 1028, "height": 688, "position": [111.72445440609464, 17.267827900119553, -0.008104231597262071], "rotation": [[-0.4480109835702626, 0.3366850114752983, -0.8282085254622079], [0.8939261267883668, 0.18268677555833132, -0.4092940530733975], [0.013499572050822875, -0.9237254706264076, -0.38281721025897814]], "fy": 476.93483005017833, "fx": 478.5390231223484}, {"id": 27, "img_name": "cam1/pass1_0027.jpg", "width": 1028, "height": 688, "position": [110.92574293763738, 16.949185424234145, -0.05286226492810454], "rotation": [[-0.43386855147183956, 0.34828404132323415, -0.8309370051955103], [0.9007452696262818, 0.18855348737988342, -0.39128703229568024], [0.020397041197295376, -0.9182297146991267, -0.3955226311527015]], "fy": 476.93483005017833, "fx": 478.5390231223484}, {"id": 28, "img_name": "cam1/pass1_0028.jpg", "width": 1028, "height": 688, "position": [110.23375726889023, 16.6246054253951, -0.0665620854651905], "rotation": [[-0.466288620584037, 0.33164949094457125, -0.8201119054556165], [0.8845934805574067, 0.1835279793729493, -0.4287328479864993], [0.008324450082029507, -0.9253788931802414, -0.37895198586013845]], "fy": 476.93483005017833, "fx": 478.5390231223484}, {"id": 29, "img_name": "cam1/pass1_0029.jpg", "width": 1028, "height": 688, "position": [109.5868124057948, 16.35491281078248, -0.10127582599385516], "rotation": [[-0.4712247592624473, 0.35743831706279106, -0.8063405457704391], [0.8819578061531949, 0.2011958700915933, -0.4262284012399113], [0.00988202527285605, -0.9120077145251606, -0.4100539894002994]], "fy": 476.93483005017833, "fx": 478.5390231223484}, {"id": 30, "img_name": "cam1/pass1_0030.jpg", "width": 1028, "height": 688, "position": [108.99882377617722, 16.114598784156964, -0.12047882544525525], "rotation": [[-0.4426689507532175, 0.3553507068423178, -0.8232679243027218], [0.8966534080596116, 0.16769949434924095, -0.40974326768123176], [-0.007540945174890599, -0.9195666124548428, -0.3928617815519802]], "fy": 476.93483005017833, "fx": 478.5390231223484}, {"id": 31, "img_name": "cam1/pass1_0031.jpg", "width": 1028, "height": 688, "position": [108.34621759572754, 15.856636220660636, -0.12308709732639175], "rotation": [[-0.42987502046148796, 0.3497944382020849, -0.8323769084892509], [0.9028866930777624, 0.16474686198199393, -0.39705678552341606], [-0.0017567715666119037, -0.9222268281014021, -0.3866453042307495]], "fy": 476.93483005017833, "fx": 478.5390231223484}, {"id": 32, "img_name": "cam1/pass1_0032.jpg", "width": 1028, "height": 688, "position": [107.77518261810454, 15.60384110369955, -0.1295621220935477], "rotation": [[-0.41385941377947155, 0.3491163096106537, -0.8407366936145653], [0.9101341898695977, 0.13900374189616588, -0.39029952109793276], [-0.019394382086680435, -0.9267123405365352, -0.3752706967520565]], "fy": 476.93483005017833, "fx": 478.5390231223484}, {"id": 33, "img_name": "cam1/pass1_0033.jpg", "width": 1028, "height": 688, "position": [107.34894017673427, 15.371364924351468, -0.12810319385643068], "rotation": [[-0.4625291982725151, 0.3349655852912845, -0.8208926832515029], [0.8865980991445473, 0.17813798306007736, -0.4268614173060894], [0.0032482824169963154, -0.9252377616925042, -0.37937386968475434]], "fy": 476.93483005017833, "fx": 478.5390231223484}, {"id": 34, "img_name": "cam1/pass1_0034.jpg", "width": 1028, "height": 688, "position": [106.87273949828517, 15.170883941031958, -0.12137951856685349], "rotation": [[-0.4677644654163807, 0.32401536739392595, -0.8223201606347176], [0.8835977375671328, 0.14906446134632714, -0.44388604903710843], [-0.021247189460557248, -0.9342343539263096, -0.3560263036405021]], "fy": 476.93483005017833, "fx": 478.5390231223484}, {"id": 35, "img_name": "cam1/pass1_0035.jpg", "width": 1028, "height": 688, "position": [106.27430425253803, 14.912713939448356, -0.1553997776385471], "rotation": [[-0.40391120417281845, 0.36092771756037756, -0.8405872482023035], [0.9147967109430221, 0.1577046784000143, -0.37185509551245477], [-0.0016482692416090365, -0.9191628893223468, -0.39387417546864273]], "fy": 476.93483005017833, "fx": 478.5390231223484}, {"id": 36, "img_name": "cam1/pass1_0036.jpg", "width": 1028, "height": 688, "position": [105.75911808260749, 14.674689742714833, -0.15085594845167025], "rotation": [[-0.4303600338605004, 0.3320120461223492, -0.8393796771933666], [0.9023245032992473, 0.13298554298198678, -0.41003089652311897], [-0.024509834788417256, -0.9338537608145281, -0.3568142673874005]], "fy": 476.93483005017833, "fx": 478.5390231223484}, {"id": 37, "img_name": "cam1/pass1_0037.jpg", "width": 1028, "height": 688, "position": [105.234678745866, 14.409393122822317, -0.14448450445780503], "rotation": [[-0.5147919301512198, 0.30651564202249293, -0.8006481311079929], [0.8573088920416245, 0.1804833963990171, -0.48212779141078155], [-0.003276015498265825, -0.9345982585152912, -0.35568998144822866]], "fy": 476.93483005017833, "fx": 478.5390231223484}, {"id": 38, "img_name": "cam1/pass1_0038.jpg", "width": 1028, "height": 688, "position": [104.61640273024662, 14.225763846110986, -0.16381097254463783], "rotation": [[-0.41708203148886275, 0.3277680344260355, -0.8477090860770675], [0.9088593446733515, 0.15467673814729804, -0.38736261858372273], [0.004155792228919273, -0.9320103123273937, -0.3624079291438653]], "fy": 476.93483005017833, "fx": 478.5390231223484}, {"id": 39, "img_name": "cam1/pass1_0039.jpg", "width": 1028, "height": 688, "position": [104.00968944184388, 14.032982366816128, -0.1763720669170149], "rotation": [[-0.41586048597781505, 0.36363460913083295, -0.8335645909253586], [0.9089314271631325, 0.13589247469443927, -0.3941787615240217], [-0.03006188479595888, -0.9215764245919527, -0.38703123481035295]], "fy": 476.93483005017833, "fx": 478.5390231223484}, {"id": 40, "img_name": "cam1/pass1_0040.jpg", "width": 1028, "height": 688, "position": [103.4419161222766, 13.820333405747238, -0.20660672423777995], "rotation": [[-0.4254575510138377, 0.32639644512588784, -0.8440682631721751], [0.9048732294843267, 0.1392131366926397, -0.40227371419818436], [-0.013795319782967339, -0.9349251644818319, -0.3545766855994715]], "fy": 476.93483005017833, "fx": 478.5390231223484}, {"id": 41, "img_name": "cam1/pass1_0041.jpg", "width": 1028, "height": 688, "position": [102.85656513808537, 13.593694575791876, -0.1965392242883632], "rotation": [[-0.44020698888983784, 0.3305408502788253, -0.8348416336225055], [0.8978776047825593, 0.15604559611182509, -0.4116619714815055], [-0.005797737703360617, -0.9308020832760617, -0.3654775889250484]], "fy": 476.93483005017833, "fx": 478.5390231223484}, {"id": 42, "img_name": "cam1/pass1_0042.jpg", "width": 1028, "height": 688, "position": [102.29517486764455, 13.392283188983859, -0.1969005959193727], "rotation": [[-0.4208012903414014, 0.3450976185515761, -0.8389480959612731], [0.9071137224063763, 0.15148533900958078, -0.39267911414690954], [-0.00842429041890444, -0.9262612081563089, -0.376788011480933]], "fy": 476.93483005017833, "fx": 478.5390231223484}, {"id": 43, "img_name": "cam1/pass1_0043.jpg", "width": 1028, "height": 688, "position": [101.7860214757699, 13.175872209376987, -0.20089806274942543], "rotation": [[-0.46066579718080297, 0.30195671214616154, -0.8346311564383723], [0.8873923033548736, 0.17569774996775048, -0.426222008585668], [0.017942219882341844, -0.9369911657247092, -0.3488920063566139]], "fy": 476.93483005017833, "fx": 478.5390231223484}, {"id": 44, "img_name": "cam1/pass1_0044.jpg", "width": 1028, "height": 688, "position": [101.24823547078714, 13.124067539447912, -0.22107971951813268], "rotation": [[-0.4125067211259211, 0.35929298253603925, -0.8371061806762021], [0.9108498803058174, 0.1766100031443088, -0.3730434322384527], [0.01380943781690977, -0.9163609875424228, -0.4001147834527688]], "fy": 476.93483005017833, "fx": 478.5390231223484}, {"id": 45, "img_name": "cam1/pass1_0045.jpg", "width": 1028, "height": 688, "position": [100.73445869662778, 12.993742326687537, -0.20323951298210466], "rotation": [[-0.3899712356499757, 0.36327452762948925, -0.846140681530678], [0.9208039829665025, 0.1473408331221127, -0.3611242221838705], [-0.006516158274170467, -0.9199577688516206, -0.39196331870583506]], "fy": 476.93483005017833, "fx": 478.5390231223484}, {"id": 46, "img_name": "cam1/pass1_0046.jpg", "width": 1028, "height": 688, "position": [100.10985227950061, 12.81543827448481, -0.18692982003669437], "rotation": [[-0.39900977975180096, 0.3234233653906821, -0.85801429031327], [0.915889811079648, 0.09566213566382734, -0.3898648608950569], [-0.04401192591679904, -0.9414064385373624, -0.33439029270822634]], "fy": 476.93483005017833, "fx": 478.5390231223484}, {"id": 47, "img_name": "cam1/pass1_0047.jpg", "width": 1028, "height": 688, "position": [99.43851650553653, 12.599975762916161, -0.2058821526591878], "rotation": [[-0.4270261218886748, 0.3320922299587735, -0.8410490128558068], [0.9042390652826247, 0.15748402693961683, -0.3969263081173714], [0.0006356426061206739, -0.9300072752725597, -0.3675405608889797]], "fy": 476.93483005017833, "fx": 478.5390231223484}, {"id": 48, "img_name": "cam1/pass1_0048.jpg", "width": 1028, "height": 688, "position": [98.78475157166997, 12.442199588147002, -0.20681574877339154], "rotation": [[-0.40852781806289323, 0.32260386624445053, -0.853833571226211], [0.9126875354931409, 0.1549580516295837, -0.3781394779583593], [0.010319129044118445, -0.9337637536975273, -0.3577412023467177]], "fy": 476.93483005017833, "fx": 478.5390231223484}, {"id": 49, "img_name": "cam1/pass1_0049.jpg", "width": 1028, "height": 688, "position": [98.06136544988291, 12.192698637796003, -0.22450795736269621], "rotation": [[-0.42743363004745105, 0.3402131912837883, -0.8375890856386322], [0.9037779884642294, 0.13821617763184965, -0.40506991471645015], [-0.022041766535607642, -0.9301350830483398, -0.36655543620392333]], "fy": 476.93483005017833, "fx": 478.5390231223484}, {"id": 50, "img_name": "cam1/pass1_0050.jpg", "width": 1028, "height": 688, "position": [97.25559081456399, 12.017503087961769, -0.22246835725548628], "rotation": [[-0.3825889236654643, 0.3464854770201948, -0.856489071560513], [0.9238273306021141, 0.1304282119804162, -0.3599049107085979], [-0.012991486484374787, -0.9289436450795494, -0.36999314256516497]], "fy": 476.93483005017833, "fx": 478.5390231223484}, {"id": 51, "img_name": "cam1/pass1_0051.jpg", "width": 1028, "height": 688, "position": [96.52831326502256, 11.835318436829231, -0.21892355701575605], "rotation": [[-0.37368289828658663, 0.3628265272256333, -0.8536498126688268], [0.9274738501769376, 0.13387138381554597, -0.34909985653574543], [-0.012383406885974084, -0.9221905246404872, -0.3865375628541146]], "fy": 476.93483005017833, "fx": 478.5390231223484}, {"id": 52, "img_name": "cam1/pass1_0052.jpg", "width": 1028, "height": 688, "position": [95.7798844359138, 11.57801521262091, -0.21673725422934856], "rotation": [[-0.4380095739796884, 0.3763871741012717, -0.816382452208639], [0.8988514668607074, 0.16859882988284394, -0.40452499933192104], [-0.014616895172597238, -0.9109923873085851, -0.4121640651989429]], "fy": 476.93483005017833, "fx": 478.5390231223484}, {"id": 53, "img_name": "cam1/pass1_0053.jpg", "width": 1028, "height": 688, "position": [95.05600060501897, 11.403558890931121, -0.21853358249258112], "rotation": [[-0.3624619645285479, 0.3619738117148389, -0.8588342586918251], [0.931753219903575, 0.11959482096317114, -0.34283088542035967], [-0.021383672963893832, -0.9244847421301327, -0.3806188383398228]], "fy": 476.93483005017833, "fx": 478.5390231223484}, {"id": 54, "img_name": "cam1/pass1_0054.jpg", "width": 1028, "height": 688, "position": [94.27286045034766, 11.20186395515724, -0.23468695705327403], "rotation": [[-0.3939486765903046, 0.37080907005710984, -0.841014312468063], [0.9185005632866133, 0.12490008698848284, -0.3751755369323054], [-0.0340757311722249, -0.9202720259975583, -0.3897925636943672]], "fy": 476.93483005017833, "fx": 478.5390231223484}, {"id": 55, "img_name": "cam1/pass1_0055.jpg", "width": 1028, "height": 688, "position": [93.67259381607992, 11.000600906562841, -0.23180329280461906], "rotation": [[-0.38156739264434125, 0.3828843525480976, -0.8413120095686403], [0.924198581152298, 0.1420519974335512, -0.3545112305995657], [-0.016226751575083447, -0.9128092914727387, -0.4080635856510089]], "fy": 476.93483005017833, "fx": 478.5390231223484}, {"id": 56, "img_name": "cam1/pass1_0056.jpg", "width": 1028, "height": 688, "position": [93.15885439570077, 10.97877745355722, -0.25885244132238544], "rotation": [[-0.3023435453063682, 0.39240318288745074, -0.8686818305175806], [0.9531022835572509, 0.11146946117206492, -0.28137269999764347], [-0.013580047478953168, -0.9130138560207111, -0.40770244176931575]], "fy": 476.93483005017833, "fx": 478.5390231223484}, {"id": 57, "img_name": "cam1/pass1_0057.jpg", "width": 1028, "height": 688, "position": [92.60640371588963, 10.803094446741023, -0.23494875830382622], "rotation": [[-0.37838718869129495, 0.3786958218705294, -0.844637561284189], [0.9253002304015998, 0.1297562304387689, -0.35634646663193814], [-0.025349932012610196, -0.916380267771041, -0.3995054264798293]], "fy": 476.93483005017833, "fx": 478.5390231223484}, {"id": 58, "img_name": "cam1/pass1_0058.jpg", "width": 1028, "height": 688, "position": [92.06188607477856, 10.630275282299868, -0.20694477934160552], "rotation": [[-0.3589422534685061, 0.3473144752822567, -0.866333142581052], [0.9329106208092182, 0.1047106761795558, -0.3445481793238499], [-0.028952240954898196, -0.9318842897878638, -0.3615984488216987]], "fy": 476.93483005017833, "fx": 478.5390231223484}, {"id": 59, "img_name": "cam1/pass1_0059.jpg", "width": 1028, "height": 688, "position": [91.35738267581954, 10.443272343555464, -0.22466691916738937], "rotation": [[-0.3458647573894191, 0.40507638417515346, -0.8463395846700894], [0.9360363838308291, 0.08655758859722104, -0.3410918820510647], [-0.06491115266932744, -0.9101763053605693, -0.4091034531989687]], "fy": 476.93483005017833, "fx": 478.5390231223484}, {"id": 60, "img_name": "cam1/pass1_0060.jpg", "width": 1028, "height": 688, "position": [90.77934358992337, 10.208398409709227, -0.18337110317229768], "rotation": [[-0.35025488517925896, 0.3770882502607354, -0.8573948722282874], [0.9362246429052922, 0.11321766677106866, -0.3326637610978592], [-0.028371348662381862, -0.9192313155273879, -0.39269435331930247]], "fy": 476.93483005017833, "fx": 478.5390231223484}, {"id": 61, "img_name": "cam1/pass1_0061.jpg", "width": 1028, "height": 688, "position": [90.28340796278262, 10.011898697490244, -0.20173137075477757], "rotation": [[-0.39433844609864177, 0.3629185926468741, -0.8442673066273023], [0.9179187549005023, 0.1117224733942537, -0.38071412942072563], [-0.04384460434784302, -0.9250990131061009, -0.37718624924524785]], "fy": 476.93483005017833, "fx": 478.5390231223484}, {"id": 62, "img_name": "cam1/pass1_0062.jpg", "width": 1028, "height": 688, "position": [89.68204655552533, 9.875866082341846, -0.19892553506282346], "rotation": [[-0.32918176628824064, 0.3806009891158021, -0.8641656391152265], [0.9432668921375238, 0.09044084354598114, -0.3194808664316361], [-0.0434388644024209, -0.9203061126075198, -0.38877978877079494]], "fy": 476.93483005017833, "fx": 478.5390231223484}, {"id": 63, "img_name": "cam1/pass1_0063.jpg", "width": 1028, "height": 688, "position": [89.1012807636746, 9.688303165193298, -0.2121198165601654], "rotation": [[-0.34052132372651017, 0.3619946289512518, -0.8677586742280323], [0.9392520795460593, 0.08873676533749941, -0.3315589201723296], [-0.043020450438707204, -0.9279470217032242, -0.3702209688229019]], "fy": 476.93483005017833, "fx": 478.5390231223484}, {"id": 64, "img_name": "cam1/pass1_0064.jpg", "width": 1028, "height": 688, "position": [88.49101957155679, 9.488661888830737, -0.19892319630854224], "rotation": [[-0.37350197420866066, 0.3583593928908014, -0.8556137100287536], [0.927274751259143, 0.11873286145242753, -0.355054986288902], [-0.025647825239701615, -0.9260027284723594, -0.37664457506011995]], "fy": 476.93483005017833, "fx": 478.5390231223484}, {"id": 65, "img_name": "cam1/pass1_0065.jpg", "width": 1028, "height": 688, "position": [87.81590824089639, 9.325250635699811, -0.2063897464779117], "rotation": [[-0.32727796057129566, 0.3680542559984065, -0.8703017874081109], [0.9444996580835622, 0.09968608440988917, -0.31302249193158377], [-0.02845228293700409, -0.9244451034087874, -0.3802521773497012]], "fy": 476.93483005017833, "fx": 478.5390231223484}, {"id": 66, "img_name": "cam1/pass1_0066.jpg", "width": 1028, "height": 688, "position": [87.08029125386761, 9.106928431570985, -0.205163822707832], "rotation": [[-0.35984108686626526, 0.3758322581645941, -0.8539698507124274], [0.9311025895933379, 0.08610148959885351, -0.35444957489244977], [-0.05968550791845955, -0.9226790597015626, -0.38092124242782105]], "fy": 476.93483005017833, "fx": 478.5390231223484}, {"id": 67, "img_name": "cam1/pass1_0067.jpg", "width": 1028, "height": 688, "position": [86.37355932642765, 8.924967169507893, -0.19887983822619248], "rotation": [[-0.326960565378782, 0.35689891362066645, -0.875054257828379], [0.9434235052924169, 0.06916639985556605, -0.32429631325808933], [-0.0552166492007261, -0.9315788611746233, -0.3593215093250555]], "fy": 476.93483005017833, "fx": 478.5390231223484}, {"id": 68, "img_name": "cam1/pass1_0068.jpg", "width": 1028, "height": 688, "position": [85.62498603832763, 8.7097081871987, -0.18465595731854784], "rotation": [[-0.31725981503534983, 0.3506198074702196, -0.8811424177584923], [0.9474938616912602, 0.0779829768299568, -0.3101193921413517], [-0.04001989281742971, -0.9332654530916081, -0.3569509801703824]], "fy": 476.93483005017833, "fx": 478.5390231223484}, {"id": 69, "img_name": "cam1/pass1_0069.jpg", "width": 1028, "height": 688, "position": [84.89226059654138, 8.487533478042678, -0.21405054992434708], "rotation": [[-0.34295012109281653, 0.3728097731253837, -0.8622053627208669], [0.9381333076184789, 0.08916201185907972, -0.3345983155636822], [-0.047865557337551934, -0.9236141016157349, -0.38032338833856144]], "fy": 476.93483005017833, "fx": 478.5390231223484}, {"id": 70, "img_name": "cam1/pass1_0070.jpg", "width": 1028, "height": 688, "position": [84.28635121097513, 8.366867300051359, -0.22350089260967676], "rotation": [[-0.3192095362640683, 0.37936767568690866, -0.8684385059415494], [0.9465397920565257, 0.0826079911142849, -0.3118306300825026], [-0.04655850096026101, -0.9215509136493621, -0.385455859392951]], "fy": 476.93483005017833, "fx": 478.5390231223484}, {"id": 71, "img_name": "cam1/pass1_0071.jpg", "width": 1028, "height": 688, "position": [83.66561493718251, 8.260078950060002, -0.2290622037734387], "rotation": [[-0.33030346228315366, 0.36967905022743897, -0.8684682047298566], [0.9436530136430913, 0.10939174932459401, -0.3123338518669038], [-0.020460025563845952, -0.9226975913064063, -0.3849812233749628]], "fy": 476.93483005017833, "fx": 478.5390231223484}, {"id": 72, "img_name": "cam1/pass1_0072.jpg", "width": 1028, "height": 688, "position": [83.02187428860428, 8.175734329847767, -0.21700698851317146], "rotation": [[-0.32063023449091965, 0.3710192426841584, -0.8715164796424519], [0.9465780341861778, 0.09205099054575788, -0.30905766506556104], [-0.034442385610318794, -0.9240515876819969, -0.38071299606902326]], "fy": 476.93483005017833, "fx": 478.5390231223484}, {"id": 73, "img_name": "cam1/pass1_0073.jpg", "width": 1028, "height": 688, "position": [82.31289590587329, 8.065376792647804, -0.2432626971195649], "rotation": [[-0.36452706363924636, 0.37349628590647393, -0.8530067668480819], [0.9304283890624766, 0.10898064566285369, -0.34989460084075624], [-0.03772310566686346, -0.9212077633655597, -0.3872379423737679]], "fy": 476.93483005017833, "fx": 478.5390231223484}, {"id": 74, "img_name": "cam1/pass1_0074.jpg", "width": 1028, "height": 688, "position": [81.58776980242695, 7.971400941285782, -0.2296755790484894], "rotation": [[-0.35907857148796263, 0.36371366663188254, -0.8595201848725581], [0.9331796241811259, 0.12468062893383601, -0.33709127811593753], [-0.015439187521937535, -0.9231289777023877, -0.38418032486686216]], "fy": 476.93483005017833, "fx": 478.5390231223484}, {"id": 75, "img_name": "cam1/pass1_0075.jpg", "width": 1028, "height": 688, "position": [80.8911298090242, 7.8596476737635435, -0.2252441340438533], "rotation": [[-0.37419775326323373, 0.34376245435387337, -0.8612801033516037], [0.9271620685425062, 0.12004100155637262, -0.35490936392454314], [-0.01861558778897049, -0.9313525288106238, -0.363642581347849]], "fy": 476.93483005017833, "fx": 478.5390231223484}, {"id": 76, "img_name": "cam1/pass1_0076.jpg", "width": 1028, "height": 688, "position": [80.18025713985426, 7.743202276729707, -0.2255586240284902], "rotation": [[-0.38610076099491414, 0.3468718894088271, -0.8547549910337454], [0.9224098531878171, 0.13584863900504618, -0.3615317552062417], [-0.009287900794974034, -0.9280221115999482, -0.3724093114845484]], "fy": 476.93483005017833, "fx": 478.5390231223484}, {"id": 77, "img_name": "cam1/pass1_0077.jpg", "width": 1028, "height": 688, "position": [79.47160395559783, 7.588309067010071, -0.241399707410718], "rotation": [[-0.3604063549192624, 0.3590321296141824, -0.8609315822052969], [0.9327590558961039, 0.13056726181335035, -0.33602490054514306], [-0.008234256348935447, -0.9241472393765341, -0.38194774115723107]], "fy": 476.93483005017833, "fx": 478.5390231223484}, {"id": 78, "img_name": "cam1/pass1_0078.jpg", "width": 1028, "height": 688, "position": [78.86797124475247, 7.447538888947226, -0.2351383459933609], "rotation": [[-0.38864667156472865, 0.3521326420210246, -0.8514436957925939], [0.9213432751445197, 0.1395354822429016, -0.36284489598340863], [-0.00896292517138335, -0.9254903844009045, -0.3786650424238268]], "fy": 476.93483005017833, "fx": 478.5390231223484}, {"id": 79, "img_name": "cam1/pass1_0079.jpg", "width": 1028, "height": 688, "position": [78.24871120690314, 7.324480515302551, -0.23443766527616147], "rotation": [[-0.363960780729487, 0.37545831288314085, -0.8523870044631896], [0.9313106866027643, 0.13304999357034036, -0.3390547215869756], [-0.013890828278839168, -0.9172397475567001, -0.39809331869782844]], "fy": 476.93483005017833, "fx": 478.5390231223484}, {"id": 80, "img_name": "cam1/pass1_0080.jpg", "width": 1028, "height": 688, "position": [77.6917118868509, 7.16226485809627, -0.24520095374885065], "rotation": [[-0.3904336854512926, 0.3506506720261792, -0.8512377126705025], [0.9205720068690777, 0.13822715821727385, -0.3652949943541734], [-0.01042676526827455, -0.926249080398337, -0.3767677316693596]], "fy": 476.93483005017833, "fx": 478.5390231223484}, {"id": 81, "img_name": "cam1/pass1_0081.jpg", "width": 1028, "height": 688, "position": [77.10964106565118, 6.960295400275181, -0.25003840288438356], "rotation": [[-0.38218196853846326, 0.34905278097125664, -0.8556278975233906], [0.9240733608532856, 0.14940486973251155, -0.35180478771831014], [0.005036535056906401, -0.9251163932157096, -0.3796502236508991]], "fy": 476.93483005017833, "fx": 478.5390231223484}, {"id": 82, "img_name": "cam1/pass1_0082.jpg", "width": 1028, "height": 688, "position": [76.53067079387642, 6.822638169645062, -0.248978106541906], "rotation": [[-0.37333457937509046, 0.3695996757059732, -0.85089210336027], [0.9276899554509533, 0.1452226674190419, -0.3439501757858347], [-0.0035550524936792914, -0.9177725516628497, -0.39709055014697786]], "fy": 476.93483005017833, "fx": 478.5390231223484}, {"id": 83, "img_name": "cam1/pass1_0083.jpg", "width": 1028, "height": 688, "position": [76.00719112930673, 6.663802627207243, -0.25538205872008485], "rotation": [[-0.3664814957234601, 0.38441565415877427, -0.8472991904457234], [0.9302885135482021, 0.13577663580512847, -0.3407755665092767], [-0.015956028721860995, -0.9131206437306758, -0.40737709206618933]], "fy": 476.93483005017833, "fx": 478.5390231223484}, {"id": 84, "img_name": "cam1/pass1_0084.jpg", "width": 1028, "height": 688, "position": [75.50776155649947, 6.521842710005538, -0.23095571171638463], "rotation": [[-0.3552819196049375, 0.3903622107454929, -0.8493480452816292], [0.9341736073720951, 0.11611802648579221, -0.3373963177250946], [-0.033082153666887874, -0.9133093388041851, -0.40592070994447305]], "fy": 476.93483005017833, "fx": 478.5390231223484}, {"id": 85, "img_name": "cam1/pass1_0085.jpg", "width": 1028, "height": 688, "position": [74.94177752968199, 6.3870631415788015, -0.23726968695320722], "rotation": [[-0.35309006188934966, 0.37454431952565964, -0.8573470481118115], [0.9355880319025489, 0.1428831140108991, -0.32289231996327217], [0.0015629317615626713, -0.9161337066398166, -0.40086979033434295]], "fy": 476.93483005017833, "fx": 478.5390231223484}, {"id": 86, "img_name": "cam1/pass1_0086.jpg", "width": 1028, "height": 688, "position": [74.31131752532677, 6.2388892420364614, -0.24893166437039696], "rotation": [[-0.3752820888200015, 0.37530677427198295, -0.8475306360223541], [0.9264155147913222, 0.12198826143859408, -0.35619258558414596], [-0.030292701510869866, -0.9188382280122811, -0.39347002805604586]], "fy": 476.93483005017833, "fx": 478.5390231223484}, {"id": 87, "img_name": "cam1/pass1_0087.jpg", "width": 1028, "height": 688, "position": [73.7044313787059, 6.080099455671992, -0.22468699054673769], "rotation": [[-0.3709490569698762, 0.3596085785378021, -0.8562000159864408], [0.9286424160842331, 0.14809008309860686, -0.34013613500639134], [0.0044788594974704025, -0.9212768300190066, -0.38888165588998036]], "fy": 476.93483005017833, "fx": 478.5390231223484}, {"id": 88, "img_name": "cam1/pass1_0088.jpg", "width": 1028, "height": 688, "position": [73.09378815714659, 5.920523835086405, -0.21005444728664477], "rotation": [[-0.35805642064906257, 0.35588267130150686, -0.8632167305487563], [0.9336253496149233, 0.14815008518935155, -0.3261828610071341], [0.011802804259684375, -0.9227128895413192, -0.3853071726375146]], "fy": 476.93483005017833, "fx": 478.5390231223484}, {"id": 89, "img_name": "cam1/pass1_0089.jpg", "width": 1028, "height": 688, "position": [72.47613608438822, 5.7510694298275835, -0.19282646847861298], "rotation": [[-0.3803860594439535, 0.3397250856227133, -0.8601705133165981], [0.9248220376944241, 0.13644854433737522, -0.35508589572516663], [-0.0032625719046678932, -0.9305743715291382, -0.3660883700388678]], "fy": 476.93483005017833, "fx": 478.5390231223484}, {"id": 90, "img_name": "cam1/pass1_0090.jpg", "width": 1028, "height": 688, "position": [71.84507898408008, 5.571148310300322, -0.20252485229211165], "rotation": [[-0.3758194325543301, 0.32706685977832617, -0.8670565283470774], [0.9264230510961227, 0.15518165054647354, -0.34301455615093496], [0.022362569447452203, -0.932172690314631, -0.3613225579994849]], "fy": 476.93483005017833, "fx": 478.5390231223484}, {"id": 91, "img_name": "cam1/pass1_0091.jpg", "width": 1028, "height": 688, "position": [71.2661638642971, 5.415841881053054, -0.2090264627269768], "rotation": [[-0.3724994939610784, 0.34148350933502536, -0.8629212825344941], [0.9280280729481892, 0.13990413946475314, -0.3452401013507808], [0.002832458086365149, -0.9294169379847036, -0.36902050426544936]], "fy": 476.93483005017833, "fx": 478.5390231223484}, {"id": 92, "img_name": "cam1/pass1_0092.jpg", "width": 1028, "height": 688, "position": [70.71324671098641, 5.218843133881515, -0.20640600598804332], "rotation": [[-0.3885797838326969, 0.32621426800948783, -0.8617366204029897], [0.920764617060275, 0.1726093103254522, -0.3498550356344969], [0.034616059371004655, -0.9294031834118087, -0.3674390440571284]], "fy": 476.93483005017833, "fx": 478.5390231223484}, {"id": 93, "img_name": "cam1/pass1_0093.jpg", "width": 1028, "height": 688, "position": [70.16830021312926, 5.0548608121768765, -0.20536002836915798], "rotation": [[-0.39269767178256565, 0.3244726711189325, -0.8605265970750112], [0.9183320088483861, 0.188758379834139, -0.3479031410707289], [0.04954654479417827, -0.926869872063677, -0.372098616175367]], "fy": 476.93483005017833, "fx": 478.5390231223484}, {"id": 94, "img_name": "cam1/pass1_0094.jpg", "width": 1028, "height": 688, "position": [69.59994716058056, 4.9599146021029865, -0.19133543387948318], "rotation": [[-0.41491210487139357, 0.3071726769239281, -0.856441995573885], [0.909238741693167, 0.17480049388774363, -0.37779584161399604], [0.03365792381322049, -0.9354623102445065, -0.35182013910035714]], "fy": 476.93483005017833, "fx": 478.5390231223484}, {"id": 95, "img_name": "cam1/pass1_0095.jpg", "width": 1028, "height": 688, "position": [68.95013775467898, 4.8427161126922575, -0.1866637847570156], "rotation": [[-0.3864361651145304, 0.28137285726537, -0.8783486810406775], [0.9207358650852262, 0.1734131597618248, -0.34953303530164387], [0.05396811130043439, -0.9437993384272644, -0.3260831975844855]], "fy": 476.93483005017833, "fx": 478.5390231223484}, {"id": 96, "img_name": "cam1/pass1_0096.jpg", "width": 1028, "height": 688, "position": [68.25021196479743, 4.748842180177358, -0.20153956897843658], "rotation": [[-0.40019350012864485, 0.2968563663882685, -0.8670187196304], [0.9158760906339044, 0.16246340555932354, -0.3671193654102476], [0.03187709302838596, -0.9410004992500381, -0.33690044724107854]], "fy": 476.93483005017833, "fx": 478.5390231223484}, {"id": 97, "img_name": "cam1/pass1_0097.jpg", "width": 1028, "height": 688,